1,3,12,1
2,4,19,1
3,4,19,2
4,3,15,17
5,4,19,17
6,3,16,18
7,4,19,18
8,3,12,19
9,4,19,19
10,3,15,20
11,4,19,20
12,5,22,21
13,6,28,21
14,8,61,21
15,7,53,21
16,4,19,22
17,3,16,22
18,5,25,23
19,6,29,23
20,7,51,23
21,8,61,23
22,5,21,24
23,6,31,24
24,8,60,24
25,7,53,24
26,4,20,25
27,3,17,25
28,4,19,26
29,3,16,26
30,5,22,27
31,6,28,27
32,7,53,27
33,8,61,27
34,4,19,28
35,3,12,28
36,4,19,29
37,3,14,29
38,3,12,30
39,4,19,30
40,3,16,31
41,4,19,31
42,5,22,32
43,6,28,32
44,7,53,32
45,8,61,32
46,3,12,33
47,4,19,33
48,5,22,34
49,6,26,34
50,7,50,34
51,8,55,34
52,3,12,35
53,4,19,35
54,5,21,36
55,6,26,36
56,7,50,36
57,8,55,36
58,5,21,37
59,6,26,37
60,7,50,37
61,8,55,37
62,3,12,38
63,4,19,38
64,5,23,39
65,6,26,39
66,7,50,39
67,8,61,39
68,5,22,41
69,6,26,41
70,7,50,41
71,8,55,41
72,5,21,42
73,6,26,42
74,7,50,42
75,8,55,42
76,5,21,43
77,6,26,43
78,7,50,43
79,8,55,43
80,3,12,44
81,4,19,44
82,3,12,45
83,4,19,45
84,5,25,46
85,6,26,46
86,7,50,46
87,8,55,46
88,5,25,47
89,6,26,47
90,7,50,47
91,8,56,47
92,5,21,48
93,7,50,48
94,8,55,48
95,6,26,48
96,5,22,49
97,6,26,49
98,7,50,49
99,8,61,49
100,5,22,50
101,8,59,50
102,6,26,50
103,7,50,50
104,5,23,51
105,6,27,51
106,7,50,51
107,8,60,51
108,5,22,52
109,6,26,52
110,7,50,52
111,8,55,52
112,5,22,53
113,6,26,53
114,7,50,53
115,8,55,53
116,5,22,54
117,8,58,54
118,7,50,54
119,6,26,54
120,5,22,55
121,7,50,55
122,8,55,55
123,6,26,55
124,5,23,56
125,6,28,56
126,7,50,56
127,8,61,56
128,5,22,57
129,7,50,57
130,8,61,57
131,6,26,57
132,5,22,58
133,6,26,58
134,7,50,58
135,8,57,58
136,5,21,59
137,7,50,59
138,8,55,59
139,6,26,59
140,3,12,60
141,4,19,60
142,3,12,61
143,4,19,61
144,3,12,62
145,4,19,62
146,3,12,63
147,4,19,63
148,3,12,64
149,4,19,64
150,5,22,65
151,6,26,65
152,7,50,65
153,8,55,65
154,5,22,66
155,6,26,66
156,7,50,66
157,8,61,66
158,5,22,67
159,6,26,67
160,7,50,67
161,8,55,67
162,5,21,68
163,6,26,68
164,7,50,68
165,8,62,68
166,8,58,69
167,8,62,70
168,5,22,71
169,7,50,71
170,6,26,71
171,8,56,71
172,5,22,72
173,6,27,72
174,7,52,72
175,8,58,72
176,6,28,73
177,5,22,73
178,7,53,73
179,8,57,73
180,5,22,74
181,6,29,74
182,7,50,74
183,8,62,74
184,5,22,75
185,6,26,75
186,7,50,75
187,8,58,75
188,5,21,77
189,6,26,77
190,7,50,77
191,8,56,77
192,5,22,84
193,6,26,84
194,7,50,84
195,8,57,84
196,5,23,85
197,7,53,85
198,8,62,85
199,6,28,85
200,5,22,86
201,6,28,86
202,7,50,86
203,8,57,86
204,5,23,87
205,6,29,87
206,7,50,87
207,8,62,87
208,5,24,88
209,6,28,88
210,7,53,88
211,8,59,88
212,6,26,89
213,5,22,89
214,7,50,89
215,8,62,89
216,6,26,90
217,5,22,90
218,7,50,90
219,8,62,90
220,5,22,91
221,6,26,91
222,7,50,91
223,8,62,91
224,7,50,92
225,6,26,92
226,5,22,92
227,8,58,92
228,6,27,93
229,7,51,93
230,8,58,93
231,5,22,93
232,5,22,94
233,6,27,94
234,7,50,94
235,8,62,94
236,4,19,95
237,3,12,95
238,5,22,95
239,6,26,95
240,7,50,95
241,8,57,95
242,3,12,96
243,4,19,96
244,5,22,96
245,6,28,96
246,7,50,96
247,8,58,96
248,3,12,97
249,4,19,97
250,5,22,97
251,6,28,97
252,7,50,97
253,8,62,97
254,3,12,98
255,4,19,98
256,6,28,98
257,8,58,98
258,5,22,98
259,7,50,98
260,3,12,99
261,4,19,99
262,5,22,99
263,6,28,99
264,7,50,99
265,8,62,99
266,3,12,100
267,4,19,100
268,5,22,100
269,6,28,100
270,8,58,100
271,7,50,100
272,4,19,101
273,6,28,101
274,7,50,101
275,5,22,101
276,8,57,101
277,3,12,101
278,3,12,102
279,4,19,102
280,5,22,102
281,6,28,102
282,8,57,102
283,7,50,102
284,3,12,103
285,4,19,103
286,6,28,103
287,7,50,103
288,5,22,103
289,8,57,103
290,3,12,104
291,4,19,104
292,5,22,104
293,6,28,104
294,7,50,104
295,8,57,104
296,3,12,105
297,4,19,105
298,5,22,105
299,6,28,105
300,7,50,105
301,8,57,105
302,3,12,106
303,6,28,106
304,5,22,106
305,7,50,106
306,8,57,106
307,4,19,106
308,3,12,107
309,4,19,107
310,5,22,107
311,6,28,107
312,7,50,107
313,8,57,107
314,4,19,108
315,5,22,108
316,6,28,108
317,8,62,108
318,3,12,108
319,7,50,108
320,3,12,109
321,4,19,109
322,5,22,109
323,6,28,109
324,7,50,109
325,8,57,109
326,3,12,110
327,4,19,110
328,5,22,110
329,6,28,110
330,8,57,110
331,7,50,110
332,3,12,111
333,5,22,111
334,6,28,111
335,7,50,111
336,8,56,111
337,4,19,111
338,3,12,113
339,4,19,113
340,5,22,113
341,6,28,113
342,7,50,113
343,8,57,113
344,3,12,114
345,4,19,114
346,5,22,114
347,6,28,114
348,7,50,114
349,8,57,114
350,3,12,116
351,4,19,116
352,5,22,116
353,6,28,116
354,7,50,116
355,8,57,116
356,3,12,120
357,4,19,120
358,5,22,120
359,6,28,120
360,7,50,120
361,8,57,120
362,3,12,126
363,4,19,126
364,5,22,126
365,6,28,126
366,7,50,126
367,8,57,126
368,3,12,127
369,4,19,127
370,5,22,127
371,6,26,127
372,7,50,127
373,8,57,127
374,3,12,128
375,4,19,128
376,5,22,128
377,6,28,128
378,8,57,128
379,7,50,128
380,3,12,129
381,4,19,129
382,5,22,129
383,6,28,129
384,8,57,129
385,7,50,129
386,3,12,130
387,4,19,130
388,5,22,130
389,6,28,130
390,7,50,130
391,8,57,130
392,3,12,132
393,4,19,132
394,5,22,132
395,6,28,132
396,8,57,132
397,7,50,132
398,3,12,133
399,4,19,133
400,5,22,133
401,6,28,133
402,7,50,133
403,8,57,133
404,3,12,134
405,4,19,134
406,5,22,134
407,6,28,134
408,7,50,134
409,8,57,134
410,3,12,135
411,4,19,135
412,6,28,135
413,7,50,135
414,8,56,135
415,5,22,135
416,3,12,136
417,4,19,136
418,5,22,136
419,6,28,136
420,7,50,136
421,8,62,136
422,3,12,137
423,4,19,137
424,5,22,137
425,6,28,137
426,7,50,137
427,8,62,137
428,3,12,139
429,4,19,139
430,5,22,139
431,6,28,139
432,7,50,139
433,8,57,139
434,3,12,140
435,7,50,140
436,4,19,140
437,5,22,140
438,6,28,140
439,8,62,140
440,4,19,141
441,5,22,141
442,6,28,141
443,7,50,141
444,3,12,141
445,8,62,141
446,3,12,142
447,4,19,142
448,5,22,142
449,6,28,142
450,7,50,142
451,8,57,142
452,3,12,143
453,4,19,143
454,5,22,143
455,6,28,143
456,7,50,143
457,8,62,143
458,3,11,144
459,4,19,144
460,5,22,144
461,6,28,144
462,7,50,144
463,8,57,144
464,3,12,145
465,4,19,145
466,5,22,145
467,6,28,145
468,7,50,145
469,8,57,145
470,3,12,146
471,4,19,146
472,5,22,146
473,6,28,146
474,7,50,146
475,8,57,146
476,3,12,147
477,4,19,147
478,5,22,147
479,6,28,147
480,7,50,147
481,8,57,147
482,3,12,148
483,4,19,148
484,5,22,148
485,6,28,148
486,7,50,148
487,8,57,148
488,4,19,149
489,5,22,149
490,6,28,149
491,7,50,149
492,8,57,149
493,3,12,149
494,3,12,150
495,6,28,150
496,5,22,150
497,7,50,150
498,8,57,150
499,4,19,150
500,4,19,151
501,3,12,151
502,5,22,151
503,6,28,151
504,7,50,151
505,8,56,151
506,3,12,152
507,4,19,152
508,5,22,152
509,6,28,152
510,7,50,152
511,8,56,152
512,3,12,153
513,4,19,153
514,5,22,153
515,6,28,153
516,7,50,153
517,8,57,153
518,3,12,154
519,4,19,154
520,5,22,154
521,6,28,154
522,7,50,154
523,8,57,154
524,3,12,155
525,5,22,155
526,4,19,155
527,6,28,155
528,7,50,155
529,8,57,155
530,3,12,156
531,4,19,156
532,5,22,156
533,6,28,156
534,7,50,156
535,8,57,156
536,3,12,157
537,4,19,157
538,5,22,157
539,6,28,157
540,7,50,157
541,8,56,157
542,3,12,158
543,4,19,158
544,5,22,158
545,6,28,158
546,8,56,158
547,7,50,158
548,3,12,159
549,4,19,159
550,5,22,159
551,6,28,159
552,7,50,159
553,8,57,159
554,3,12,160
555,4,19,160
556,5,22,160
557,6,28,160
558,7,50,160
559,8,56,160
560,3,12,161
561,5,22,161
562,4,19,161
563,6,28,161
564,7,50,161
565,8,56,161
566,3,12,163
567,4,19,163
568,5,22,163
569,6,28,163
570,7,50,163
571,8,56,163
572,3,12,164
573,4,19,164
574,5,22,164
575,6,28,164
576,7,50,164
577,8,56,164
578,4,19,165
579,5,22,165
580,3,12,165
581,6,28,165
582,7,50,165
583,8,56,165
584,3,12,166
585,4,19,166
586,5,22,166
587,7,50,166
588,6,28,166
589,8,57,166
590,3,12,167
591,4,19,167
592,6,28,167
593,5,22,167
594,7,50,167
595,8,57,167
596,4,19,168
597,5,22,168
598,6,28,168
599,7,50,168
600,8,56,168
601,3,12,168
602,3,12,169
603,4,19,169
604,5,22,169
605,6,28,169
606,7,50,169
607,8,56,169
608,4,19,170
609,5,22,170
610,6,28,170
611,7,50,170
612,8,56,170
613,3,12,170
614,3,12,171
615,4,19,171
616,5,22,171
617,6,28,171
618,7,50,171
619,8,56,171
620,3,12,172
621,4,19,172
622,5,22,172
623,6,28,172
624,7,50,172
625,8,56,172
626,3,12,173
627,5,22,173
628,4,19,173
629,6,28,173
630,7,50,173
631,8,57,173
632,3,12,174
633,4,19,174
634,5,22,174
635,6,28,174
636,7,50,174
637,8,56,174
638,3,12,175
639,4,19,175
640,5,22,175
641,6,28,175
642,7,50,175
643,8,57,175
644,3,12,176
645,4,19,176
646,5,22,176
647,6,28,176
648,8,56,176
649,7,50,176
650,3,12,177
651,4,19,177
652,5,22,177
653,7,50,177
654,6,28,177
655,8,56,177
656,6,28,178
657,5,22,178
658,7,50,178
659,8,56,178
660,3,12,178
661,4,19,178
662,3,12,179
663,7,50,179
664,6,28,179
665,4,19,179
666,8,56,179
667,5,22,179
668,3,12,180
669,4,19,180
670,5,22,180
671,7,50,180
672,8,56,180
673,6,28,180
674,3,12,181
675,4,19,181
676,5,22,181
677,7,50,181
678,8,56,181
679,6,28,181
680,3,12,182
681,4,19,182
682,5,22,182
683,6,28,182
684,7,50,182
685,8,57,182
686,3,12,183
687,4,19,183
688,5,23,183
689,7,52,183
690,8,56,183
691,6,28,183
692,3,12,184
693,7,51,184
694,6,28,184
695,8,57,184
696,4,19,184
697,5,22,184
698,3,12,185
699,4,19,185
700,5,22,185
701,6,28,185
702,7,50,185
703,8,56,185
704,3,12,186
705,4,19,186
706,5,22,186
707,6,37,186
708,7,50,186
709,8,58,186
710,3,12,187
711,4,19,187
712,5,23,187
713,6,29,187
714,7,50,187
715,8,57,187
716,3,12,188
717,7,50,188
718,6,28,188
719,5,22,188
720,4,19,188
721,8,57,188
722,3,12,189
723,4,19,189
724,5,23,189
725,6,28,189
726,7,51,189
727,8,57,189
728,3,12,190
729,4,19,190
730,5,23,190
731,6,28,190
732,7,50,190
733,8,57,190
734,3,12,191
735,5,23,191
736,4,19,191
737,7,50,191
738,6,28,191
739,8,57,191
740,3,12,192
741,4,19,192
742,5,23,192
743,6,28,192
744,7,50,192
745,8,57,192
746,4,19,193
747,5,22,193
748,7,50,193
749,8,56,193
750,3,12,193
751,6,28,193
752,3,12,194
753,4,19,194
754,5,22,194
755,6,28,194
756,8,56,194
757,7,50,194
758,3,12,195
759,5,22,195
760,4,19,195
761,6,28,195
762,7,50,195
763,8,56,195
764,3,12,196
765,4,19,196
766,5,23,196
767,6,28,196
768,7,50,196
769,8,56,196
770,3,12,200
771,4,19,200
772,6,28,200
773,7,50,200
774,8,56,200
775,5,22,200
776,3,12,201
777,4,19,201
778,5,22,201
779,6,28,201
780,7,50,201
781,8,56,201
782,3,12,202
783,4,19,202
784,5,22,202
785,6,28,202
786,7,50,202
787,8,56,202
788,3,12,203
789,4,19,203
790,5,22,203
791,6,28,203
792,7,50,203
793,8,56,203
794,3,12,204
795,4,19,204
796,5,22,204
797,6,28,204
798,7,50,204
799,8,56,204
800,3,12,205
801,4,19,205
802,5,22,205
803,6,28,205
804,7,50,205
805,8,56,205
806,3,12,206
807,4,19,206
808,5,22,206
809,6,28,206
810,7,50,206
811,8,56,206
812,3,12,207
813,5,22,207
814,6,28,207
815,7,50,207
816,8,56,207
817,4,19,207
818,4,19,208
819,5,22,208
820,6,28,208
821,7,50,208
822,8,56,208
823,3,12,208
824,4,19,209
825,3,12,209
826,5,22,209
827,8,56,209
828,6,28,209
829,7,50,209
830,6,28,210
831,7,50,210
832,8,56,210
833,3,12,210
834,4,19,210
835,5,22,210
836,3,12,212
837,4,19,212
838,5,22,212
839,6,28,212
840,7,50,212
841,8,56,212
842,3,12,213
843,4,19,213
844,5,22,213
845,6,28,213
846,7,50,213
847,8,56,213
848,3,12,214
849,4,19,214
850,5,22,214
851,7,50,214
852,8,56,214
853,6,28,214
854,3,12,215
855,4,19,215
856,5,22,215
857,7,50,215
858,8,56,215
859,6,28,215
860,3,12,216
861,5,22,216
862,6,28,216
863,7,50,216
864,8,56,216
865,4,19,216
866,3,12,217
867,4,19,217
868,5,22,217
869,6,28,217
870,8,56,217
871,7,50,217
872,4,19,218
873,5,22,218
874,6,28,218
875,7,50,218
876,8,56,218
877,3,12,218
878,3,12,219
879,4,19,219
880,5,22,219
881,6,28,219
882,7,50,219
883,8,56,219
884,3,11,220
885,4,19,220
886,5,22,220
887,6,28,220
888,7,50,220
889,8,56,220
890,3,12,221
891,4,19,221
892,5,22,221
893,6,28,221
894,8,56,221
895,7,50,221
896,5,22,222
897,6,28,222
898,4,19,222
899,7,50,222
900,8,56,222
901,3,12,222
902,3,12,223
903,5,22,223
904,6,28,223
905,8,56,223
906,4,19,223
907,7,50,223
908,3,12,224
909,4,19,224
910,5,22,224
911,6,29,224
912,7,50,224
913,8,56,224
914,3,12,225
915,4,19,225
916,6,28,225
917,7,50,225
918,8,56,225
919,5,22,225
920,3,12,226
921,4,19,226
922,5,22,226
923,6,28,226
924,7,50,226
925,8,56,226
926,4,19,227
927,5,22,227
928,6,28,227
929,7,50,227
930,8,56,227
931,3,12,227
932,3,12,228
933,4,19,228
934,5,22,228
935,6,28,228
936,7,50,228
937,8,56,228
938,3,12,229
939,4,19,229
940,5,22,229
941,6,28,229
942,7,50,229
943,8,56,229
944,3,12,230
945,4,19,230
946,5,22,230
947,6,28,230
948,8,56,230
949,7,50,230
950,4,19,231
951,5,22,231
952,6,28,231
953,7,50,231
954,8,56,231
955,3,12,231
956,3,12,232
957,4,19,232
958,5,22,232
959,6,28,232
960,7,50,232
961,8,56,232
962,3,12,233
963,4,19,233
964,5,22,233
965,6,28,233
966,7,50,233
967,8,56,233
968,3,12,234
969,4,19,234
970,5,22,234
971,6,28,234
972,7,50,234
973,8,56,234
974,3,12,235
975,4,19,235
976,5,22,235
977,7,50,235
978,8,56,235
979,6,28,235
980,3,12,236
981,4,19,236
982,5,22,236
983,6,28,236
984,7,50,236
985,8,56,236
986,3,12,237
987,4,19,237
988,5,22,237
989,6,28,237
990,7,50,237
991,8,56,237
992,3,12,238
993,4,19,238
994,5,22,238
995,6,28,238
996,7,50,238
997,8,56,238
998,3,12,239
999,4,19,239
1000,5,22,239
1001,6,28,239
1002,7,50,239
1003,8,57,239
1004,3,12,240
1005,4,19,240
1006,5,22,240
1007,6,28,240
1008,7,50,240
1009,8,56,240
1010,3,12,241
1011,4,19,241
1012,5,22,241
1013,6,28,241
1014,7,50,241
1015,8,56,241
1016,4,19,242
1017,3,12,242
1018,5,22,242
1019,6,28,242
1020,7,50,242
1021,8,56,242
1022,3,12,243
1023,4,19,243
1024,5,22,243
1025,6,28,243
1026,7,50,243
1027,8,56,243
1028,3,12,244
1029,4,19,244
1030,5,22,244
1031,7,50,244
1032,8,56,244
1033,6,28,244
1034,3,12,245
1035,4,19,245
1036,6,28,245
1037,7,50,245
1038,8,56,245
1039,5,22,245
1040,3,12,246
1041,5,22,246
1042,6,28,246
1043,7,50,246
1044,8,56,246
1045,4,19,246
1046,4,19,248
1047,5,22,248
1048,6,28,248
1049,7,50,248
1050,8,56,248
1051,3,12,248
1052,3,12,249
1053,4,19,249
1054,5,22,249
1055,6,28,249
1056,7,50,249
1057,8,56,249
1058,3,12,250
1059,4,19,250
1060,5,22,250
1061,6,28,250
1062,7,50,250
1063,8,56,250
1064,3,12,251
1065,4,19,251
1066,6,28,251
1067,7,50,251
1068,8,56,251
1069,5,22,251
1070,3,12,253
1071,4,19,253
1072,5,22,253
1073,6,28,253
1074,7,50,253
1075,8,56,253
1076,3,12,254
1077,5,22,254
1078,4,19,254
1079,6,28,254
1080,8,56,254
1081,7,50,254
1082,3,12,255
1083,4,19,255
1084,5,22,255
1085,6,28,255
1086,7,50,255
1087,8,56,255
1088,3,12,256
1089,4,19,256
1090,5,22,256
1091,6,28,256
1092,8,56,256
1093,7,50,256
1094,3,12,257
1095,4,19,257
1096,5,22,257
1097,6,28,257
1098,7,50,257
1099,8,56,257
1100,4,19,258
1101,3,12,258
1102,5,22,258
1103,6,29,258
1104,7,50,258
1105,8,56,258
1106,3,12,259
1107,4,19,259
1108,7,50,259
1109,5,22,259
1110,6,28,259
1111,8,56,259
1112,4,19,260
1113,3,12,260
1114,5,22,260
1115,7,50,260
1116,6,28,260
1117,8,56,260
1118,3,11,261
1119,4,19,261
1120,7,50,261
1121,8,56,261
1122,6,28,261
1123,5,22,261
1124,3,12,262
1125,4,19,262
1126,5,22,262
1127,6,28,262
1128,7,50,262
1129,8,56,262
1130,4,19,263
1131,3,12,263
1132,5,22,263
1133,7,50,263
1134,6,28,263
1135,8,56,263
1136,3,12,264
1137,4,19,264
1138,5,22,264
1139,6,28,264
1140,7,50,264
1141,8,56,264
1142,3,12,265
1143,4,19,265
1144,6,28,265
1145,5,22,265
1146,8,56,265
1147,7,50,265
1148,3,12,266
1149,5,22,266
1150,4,19,266
1151,6,28,266
1152,7,50,266
1153,8,56,266
1154,3,12,267
1155,4,19,267
1156,5,22,267
1157,6,27,267
1158,8,56,267
1159,7,50,267
1160,3,12,268
1161,4,19,268
1162,5,22,268
1163,7,50,268
1164,8,56,268
1165,6,28,268
1166,3,12,269
1167,4,19,269
1168,5,22,269
1169,6,28,269
1170,7,50,269
1171,8,56,269
1172,3,12,270
1173,4,19,270
1174,6,28,270
1175,5,22,270
1176,7,50,270
1177,8,56,270
1178,4,19,271
1179,3,12,271
1180,5,22,271
1181,6,28,271
1182,7,50,271
1183,8,56,271
1184,3,12,272
1185,5,22,272
1186,4,19,272
1187,6,28,272
1188,7,50,272
1189,8,56,272
1190,3,12,273
1191,4,19,273
1192,5,22,273
1193,6,28,273
1194,7,50,273
1195,8,56,273
1196,3,12,274
1197,4,19,274
1198,5,22,274
1199,6,28,274
1200,8,56,274
1201,7,50,274
1202,3,12,275
1203,4,19,275
1204,5,22,275
1205,6,28,275
1206,7,50,275
1207,8,56,275
1208,3,12,276
1209,4,19,276
1210,5,22,276
1211,6,28,276
1212,8,56,276
1213,7,50,276
1214,3,12,277
1215,5,22,277
1216,6,28,277
1217,7,50,277
1218,8,56,277
1219,4,19,277
1220,3,12,278
1221,4,19,278
1222,5,22,278
1223,6,28,278
1224,7,50,278
1225,8,56,278
1226,3,12,279
1227,4,19,279
1228,6,28,279
1229,5,22,279
1230,7,50,279
1231,8,56,279
1232,3,12,280
1233,4,19,280
1234,6,28,280
1235,5,22,280
1236,7,50,280
1237,8,56,280
1238,3,12,281
1239,4,19,281
1240,5,22,281
1241,6,28,281
1242,7,50,281
1243,8,56,281
1244,3,12,282
1245,4,19,282
1246,5,22,282
1247,6,28,282
1248,7,50,282
1249,8,56,282
1250,3,12,283
1251,4,19,283
1252,5,22,283
1253,6,28,283
1254,7,50,283
1255,8,56,283
1256,3,12,284
1257,4,19,284
1258,5,22,284
1259,6,28,284
1260,7,50,284
1261,8,56,284
1262,3,12,285
1263,4,19,285
1264,6,28,285
1265,8,56,285
1266,5,22,285
1267,7,50,285
1268,3,12,286
1269,4,19,286
1270,5,22,286
1271,7,50,286
1272,8,56,286
1273,6,28,286
1274,3,12,287
1275,4,19,287
1276,6,28,287
1277,7,50,287
1278,8,56,287
1279,5,22,287
1280,3,12,288
1281,5,22,288
1282,7,50,288
1283,8,56,288
1284,4,19,288
1285,6,28,288
1286,3,12,289
1287,4,19,289
1288,6,28,289
1289,7,50,289
1290,8,56,289
1291,5,22,289
1292,3,12,290
1293,4,19,290
1294,5,22,290
1295,8,56,290
1296,7,50,290
1297,6,28,290
1298,3,12,291
1299,4,19,291
1300,7,50,291
1301,5,22,291
1302,6,28,291
1303,8,56,291
1304,3,12,292
1305,4,19,292
1306,5,22,292
1307,6,28,292
1308,7,50,292
1309,8,56,292
1310,3,12,293
1311,5,22,293
1312,4,19,293
1313,6,28,293
1314,7,50,293
1315,8,56,293
1316,3,12,294
1317,6,28,294
1318,4,19,294
1319,7,50,294
1320,8,56,294
1321,5,22,294
1322,3,12,295
1323,4,19,295
1324,8,56,295
1325,6,28,295
1326,5,22,295
1327,7,50,295
1328,3,12,296
1329,4,19,296
1330,5,22,296
1331,6,28,296
1332,7,50,296
1333,8,56,296
1334,3,12,297
1335,4,19,297
1336,5,22,297
1337,6,28,297
1338,7,50,297
1339,8,56,297
1340,3,12,298
1341,4,19,298
1342,5,22,298
1343,6,28,298
1344,7,50,298
1345,8,56,298
1346,3,12,299
1347,4,19,299
1348,5,22,299
1349,6,28,299
1350,7,50,299
1351,8,56,299
1352,4,19,301
1353,3,12,301
1354,5,22,301
1355,7,50,301
1356,6,29,301
1357,8,56,301
1358,4,19,302
1359,5,22,302
1360,6,28,302
1361,7,50,302
1362,8,56,302
1363,3,12,302
1364,3,12,308
1365,4,19,308
1366,5,22,308
1367,7,50,308
1368,6,28,308
1369,8,56,308
1370,3,12,309
1371,4,19,309
1372,5,22,309
1373,6,28,309
1374,7,50,309
1375,8,56,309
1376,3,12,310
1377,4,19,310
1378,5,22,310
1379,6,28,310
1380,7,50,310
1381,8,56,310
1382,3,12,311
1383,5,22,311
1384,6,28,311
1385,8,56,311
1386,4,19,311
1387,7,50,311
1388,3,12,312
1389,4,19,312
1390,6,28,312
1391,5,22,312
1392,7,50,312
1393,8,56,312
1394,3,12,313
1395,4,19,313
1396,5,22,313
1397,6,28,313
1398,7,50,313
1399,8,56,313
1400,3,12,316
1401,4,19,316
1402,5,22,316
1403,6,28,316
1404,7,50,316
1405,8,56,316
1406,3,12,317
1407,4,19,317
1408,5,22,317
1409,6,28,317
1410,7,50,317
1411,8,56,317
1412,3,12,318
1413,4,19,318
1414,5,22,318
1415,6,28,318
1416,7,50,318
1417,8,56,318
1418,3,12,319
1419,5,22,319
1420,4,19,319
1421,6,28,319
1422,7,50,319
1423,8,56,319
1424,3,12,320
1425,4,19,320
1426,5,22,320
1427,6,28,320
1428,7,50,320
1429,8,56,320
1430,3,12,324
1431,4,19,324
1432,5,22,324
1433,6,28,324
1434,7,50,324
1435,8,56,324
1436,3,12,331
1437,4,19,331
1438,5,22,331
1439,6,28,331
1440,7,50,331
1441,8,56,331
1442,3,12,332
1443,4,19,332
1444,5,22,332
1445,6,28,332
1446,7,50,332
1447,8,56,332
1448,4,19,335
1449,3,12,335
1450,5,22,335
1451,6,29,335
1452,7,50,335
1453,8,56,335
1454,4,19,338
1455,5,22,338
1456,6,28,338
1457,7,50,338
1458,8,56,338
1459,3,12,338
1460,3,11,344
1461,4,19,344
1462,5,22,344
1463,6,28,344
1464,7,50,344
1465,8,56,344
1466,4,19,347
1467,5,22,347
1468,6,28,347
1469,7,50,347
1470,8,56,347
1471,3,12,347
1472,4,19,352
1473,3,12,352
1474,8,56,352
1475,7,50,352
1476,5,22,352
1477,6,28,352
1478,6,28,357
1479,5,22,357
1480,8,56,357
1481,4,19,357
1482,7,50,357
1483,3,12,357
1484,3,12,358
1485,4,19,358
1486,5,22,358
1487,6,28,358
1488,7,50,358
1489,8,56,358
1490,3,12,367
1491,4,19,367
1492,5,22,367
1493,7,50,367
1494,6,28,367
1495,8,56,367
1496,3,12,373
1497,4,19,373
1498,8,56,373
1499,6,28,373
1500,7,50,373
1501,5,22,373
1502,4,19,390
1503,5,22,390
1504,7,50,390
1505,8,56,390
1506,3,11,390
1507,6,28,390
1508,3,11,392
1509,4,19,392
1510,5,22,392
1511,6,28,392
1512,8,56,392
1513,7,50,392
1514,3,12,394
1515,5,22,394
1516,6,28,394
1517,8,56,394
1518,4,19,394
1519,7,50,394
1520,3,12,395
1521,4,19,395
1522,5,22,395
1523,6,28,395
1524,7,50,395
1525,8,56,395
1526,3,12,396
1527,4,19,396
1528,6,28,396
1529,5,22,396
1530,7,50,396
1531,8,56,396
1532,3,12,397
1533,5,22,397
1534,7,50,397
1535,4,19,397
1536,8,56,397
1537,6,28,397
1538,5,22,400
1539,6,28,400
1540,4,19,400
1541,7,50,400
1542,3,12,400
1543,8,56,400
1544,3,12,401
1545,4,19,401
1546,5,22,401
1547,6,28,401
1548,7,50,401
1549,8,56,401
1550,3,12,402
1551,4,19,402
1552,5,22,402
1553,6,28,402
1554,7,50,402
1555,8,56,402
1556,3,12,403
1557,4,19,403
1558,5,22,403
1559,6,28,403
1560,7,50,403
1561,8,56,403
1562,3,12,404
1563,6,28,404
1564,5,22,404
1565,4,19,404
1566,7,50,404
1567,8,56,404
1568,3,12,405
1569,4,19,405
1570,5,22,405
1571,6,28,405
1572,7,50,405
1573,8,56,405
1574,3,12,407
1575,4,19,407
1576,5,22,407
1577,6,28,407
1578,7,50,407
1579,8,56,407
1580,3,12,420
1581,4,19,420
1582,5,22,420
1583,6,28,420
1584,7,50,420
1585,8,56,420
1586,3,12,421
1587,5,22,421
1588,6,28,421
1589,7,50,421
1590,8,56,421
1591,4,19,421
1592,10,66,453
1593,11,67,453
1594,16,86,453
1595,12,69,453
1596,15,83,453
1597,10,66,454
1598,11,67,454
1599,16,86,454
1600,12,69,454
1601,15,83,454
1602,10,66,455
1603,11,67,455
1604,16,86,455
1605,12,69,455
1606,15,83,455
1607,10,66,456
1608,11,67,456
1609,16,86,456
1610,12,69,456
1611,15,83,456
1612,10,66,457
1613,11,67,457
1614,16,86,457
1615,12,69,457
1616,15,83,457
1617,10,66,458
1618,11,67,458
1619,16,86,458
1620,12,69,458
1621,15,83,458
1622,10,66,461
1623,11,67,461
1624,16,86,461
1625,12,69,461
1626,15,83,461
1627,10,66,462
1628,11,67,462
1629,16,86,462
1630,12,69,462
1631,15,83,462
1632,10,66,463
1633,11,67,463
1634,16,86,463
1635,12,69,463
1636,15,83,463
1637,10,66,464
1638,11,67,464
1639,12,69,464
1640,16,86,464
1641,15,83,464
